Generation: -1
Fitness: 0.40
ELO: 1099.1
Weights: {
  "mobility": 18.466616517708943,
  "corners": 127.2383728365596,
  "corner_adjacent": 56.906484662175075,
  "edges": 6.905370840650849,
  "piece_count": 0.6078423027243299,
  "elo": 1099.1280915427494
}
